500 499 1 500
1 2 200
2 3 200
3 4 200
4 5 200
5 6 200
6 7 200
7 8 200
8 9 200
9 10 200
10 11 200
11 12 200
12 13 200
13 14 200
14 15 200
15 16 200
16 17 200
17 18 200
18 19 200
19 20 200
20 21 200
21 22 200
22 23 200
23 24 200
24 25 200
25 26 200
26 27 200
27 28 200
28 29 200
29 30 200
30 31 200
31 32 200
32 33 200
33 34 200
34 35 200
35 36 200
36 37 200
37 38 200
38 39 200
39 40 200
40 41 200
41 42 200
42 43 200
43 44 200
44 45 200
45 46 200
46 47 200
47 48 200
48 49 200
49 50 200
50 51 200
51 52 200
52 53 200
53 54 200
54 55 200
55 56 200
56 57 200
57 58 200
58 59 200
59 60 200
60 61 200
61 62 200
62 63 200
63 64 200
64 65 200
65 66 200
66 67 200
67 68 200
68 69 200
69 70 200
70 71 200
71 72 200
72 73 200
73 74 200
74 75 200
75 76 200
76 77 200
77 78 200
78 79 200
79 80 200
80 81 200
81 82 200
82 83 200
83 84 200
84 85 200
85 86 200
86 87 200
87 88 200
88 89 200
89 90 200
90 91 200
91 92 200
92 93 200
93 94 200
94 95 200
95 96 200
96 97 200
97 98 200
98 99 200
99 100 200
100 101 200
101 102 200
102 103 200
103 104 200
104 105 200
105 106 200
106 107 200
107 108 200
108 109 200
109 110 200
110 111 200
111 112 200
112 113 200
113 114 200
114 115 200
115 116 200
116 117 200
117 118 200
118 119 200
119 120 200
120 121 200
121 122 200
122 123 200
123 124 200
124 125 200
125 126 200
126 127 200
127 128 200
128 129 200
129 130 200
130 131 200
131 132 200
132 133 200
133 134 200
134 135 200
135 136 200
136 137 200
137 138 200
138 139 200
139 140 200
140 141 200
141 142 200
142 143 200
143 144 200
144 145 200
145 146 200
146 147 200
147 148 200
148 149 200
149 150 200
150 151 200
151 152 200
152 153 200
153 154 200
154 155 200
155 156 200
156 157 200
157 158 200
158 159 200
159 160 200
160 161 200
161 162 200
162 163 200
163 164 200
164 165 200
165 166 200
166 167 200
167 168 200
168 169 200
169 170 200
170 171 200
171 172 200
172 173 200
173 174 200
174 175 200
175 176 200
176 177 200
177 178 200
178 179 200
179 180 200
180 181 200
181 182 200
182 183 200
183 184 200
184 185 200
185 186 200
186 187 200
187 188 200
188 189 200
189 190 200
190 191 200
191 192 200
192 193 200
193 194 200
194 195 200
195 196 200
196 197 200
197 198 200
198 199 200
199 200 200
200 201 200
201 202 200
202 203 200
203 204 200
204 205 200
205 206 200
206 207 200
207 208 200
208 209 200
209 210 200
210 211 200
211 212 200
212 213 200
213 214 200
214 215 200
215 216 200
216 217 200
217 218 200
218 219 200
219 220 200
220 221 200
221 222 200
222 223 200
223 224 200
224 225 200
225 226 200
226 227 200
227 228 200
228 229 200
229 230 200
230 231 200
231 232 200
232 233 200
233 234 200
234 235 200
235 236 200
236 237 200
237 238 200
238 239 200
239 240 200
240 241 200
241 242 200
242 243 200
243 244 200
244 245 200
245 246 200
246 247 200
247 248 200
248 249 200
249 250 200
250 251 200
251 252 200
252 253 200
253 254 200
254 255 200
255 256 200
256 257 200
257 258 200
258 259 200
259 260 200
260 261 200
261 262 200
262 263 200
263 264 200
264 265 200
265 266 200
266 267 200
267 268 200
268 269 200
269 270 200
270 271 200
271 272 200
272 273 200
273 274 200
274 275 200
275 276 200
276 277 200
277 278 200
278 279 200
279 280 200
280 281 200
281 282 200
282 283 200
283 284 200
284 285 200
285 286 200
286 287 200
287 288 200
288 289 200
289 290 200
290 291 200
291 292 200
292 293 200
293 294 200
294 295 200
295 296 200
296 297 200
297 298 200
298 299 200
299 300 200
300 301 200
301 302 200
302 303 200
303 304 200
304 305 200
305 306 200
306 307 200
307 308 200
308 309 200
309 310 200
310 311 200
311 312 200
312 313 200
313 314 200
314 315 200
315 316 200
316 317 200
317 318 200
318 319 200
319 320 200
320 321 200
321 322 200
322 323 200
323 324 200
324 325 200
325 326 200
326 327 200
327 328 200
328 329 200
329 330 200
330 331 200
331 332 200
332 333 200
333 334 200
334 335 200
335 336 200
336 337 200
337 338 200
338 339 200
339 340 200
340 341 200
341 342 200
342 343 200
343 344 200
344 345 200
345 346 200
346 347 200
347 348 200
348 349 200
349 350 200
350 351 200
351 352 200
352 353 200
353 354 200
354 355 200
355 356 200
356 357 200
357 358 200
358 359 200
359 360 200
360 361 200
361 362 200
362 363 200
363 364 200
364 365 200
365 366 200
366 367 200
367 368 200
368 369 200
369 370 200
370 371 200
371 372 200
372 373 200
373 374 200
374 375 200
375 376 200
376 377 200
377 378 200
378 379 200
379 380 200
380 381 200
381 382 200
382 383 200
383 384 200
384 385 200
385 386 200
386 387 200
387 388 200
388 389 200
389 390 200
390 391 200
391 392 200
392 393 200
393 394 200
394 395 200
395 396 200
396 397 200
397 398 200
398 399 200
399 400 200
400 401 200
401 402 200
402 403 200
403 404 200
404 405 200
405 406 200
406 407 200
407 408 200
408 409 200
409 410 200
410 411 200
411 412 200
412 413 200
413 414 200
414 415 200
415 416 200
416 417 200
417 418 200
418 419 200
419 420 200
420 421 200
421 422 200
422 423 200
423 424 200
424 425 200
425 426 200
426 427 200
427 428 200
428 429 200
429 430 200
430 431 200
431 432 200
432 433 200
433 434 200
434 435 200
435 436 200
436 437 200
437 438 200
438 439 200
439 440 200
440 441 200
441 442 200
442 443 200
443 444 200
444 445 200
445 446 200
446 447 200
447 448 200
448 449 200
449 450 200
450 451 200
451 452 200
452 453 200
453 454 200
454 455 200
455 456 200
456 457 200
457 458 200
458 459 200
459 460 200
460 461 200
461 462 200
462 463 200
463 464 200
464 465 200
465 466 200
466 467 200
467 468 200
468 469 200
469 470 200
470 471 200
471 472 200
472 473 200
473 474 200
474 475 200
475 476 200
476 477 200
477 478 200
478 479 200
479 480 200
480 481 200
481 482 200
482 483 200
483 484 200
484 485 200
485 486 200
486 487 200
487 488 200
488 489 200
489 490 200
490 491 200
491 492 200
492 493 200
493 494 200
494 495 200
495 496 200
496 497 200
497 498 200
498 499 200
499 500 200
100000
